627480 110 0 10000 10000 10110 10110
628296 122 0 10000 10000 10122 10122
629112 134 0 10000 10000 10134 10134
629248 136 0 10000 10000 10136 10136
628500 125 0 10000 10000 10125 10125
629316 137 0 10000 10000 10137 10137
628296 122 0 10000 10000 10122 10122
628024 118 0 10000 10000 10118 10118
628772 129 0 10000 10000 10129 10129
629520 140 0 10000 10000 10140 10140
160143 110 0 10000 10000 10110 10110
160659 122 0 10000 10000 10122 10122
160921 128 0 10000 10000 10128 10128
160865 131 0 10000 10000 10131 10131
160639 125 0 10000 10000 10125 10125
159871 108 0 10000 10000 10108 10108
160893 129 0 10000 10000 10129 10129
161641 146 0 10000 10000 10146 10146
160875 132 0 10000 10000 10132 10132
159969 113 0 10000 10000 10113 10113
82773 118 0 10000 10000 10118 10118
84195 161 0 10000 10000 10161 10161
82855 123 0 10000 10000 10123 10123
82737 136 0 10000 10000 10136 10136
82282 114 0 10000 10000 10114 10114
82093 108 0 10000 10000 10108 10108
82723 130 0 10000 10000 10130 10130
82299 117 0 10000 10000 10117 10117
82313 116 0 10000 10000 10116 10116
82559 121 0 10000 10000 10121 10121
56945 130 0 10000 10000 10130 10130
56873 121 0 10000 10000 10121 10121
55303 95 0 10000 10000 10095 10095
56651 115 0 10000 10000 10115 10115
56687 123 0 10000 10000 10123 10123
56496 115 0 10000 10000 10115 10115
56207 113 0 10000 10000 10113 10113
56905 123 0 10000 10000 10123 10123
57503 136 0 10000 10000 10136 10136
56755 121 0 10000 10000 10121 10121
44739 144 0 10000 10000 10144 10144
43817 114 0 10000 10000 10114 10114
44175 136 0 10000 10000 10136 10136
44177 125 0 10000 10000 10125 10125
43791 117 0 10000 10000 10117 10117
43771 124 0 10000 10000 10124 10124
43817 117 0 10000 10000 10117 10117
44629 137 0 10000 10000 10137 10137
43517 125 0 10000 10000 10125 10125
43273 107 0 10000 10000 10107 10107
24999 131 0 10000 10000 10131 10131
25739 153 0 10000 10000 10153 10153
25238 146 0 10000 10000 10146 10146
24129 120 0 10000 10000 10120 10120
24537 124 0 10000 10000 10124 10124
24355 118 0 10000 10000 10118 10118
24309 117 0 10000 10000 10117 10117
24355 118 0 10000 10000 10118 10118
24319 106 0 10000 10000 10106 10106
24725 141 0 10000 10000 10141 10141
20591 122 0 10000 10000 10122 10122
20585 123 0 10000 10000 10123 10123
20190 119 0 10000 10000 10119 10119
20933 131 0 10000 10000 10131 10131
20554 118 0 10000 10000 10118 10118
20855 124 0 10000 10000 10124 10124
19907 114 0 10000 10000 10114 10114
20405 126 0 10000 10000 10126 10126
20318 122 0 10000 10000 10122 10122
20435 114 0 10000 10000 10114 10114
