627276 107 0 10000 10000 10107 10107
627956 117 0 10000 10000 10117 10117
627956 117 0 10000 10000 10117 10117
627956 117 0 10000 10000 10117 10117
628092 119 0 10000 10000 10119 10119
627548 111 0 10000 10000 10111 10111
627072 104 0 10000 10000 10104 10104
628568 126 0 10000 10000 10126 10126
628840 130 0 10000 10000 10130 10130
629044 133 0 10000 10000 10133 10133
162035 151 0 10416 10416 10568 10568
161489 135 0 10386 10386 10520 10520
160763 125 0 10353 10353 10476 10476
161517 135 0 10384 10384 10516 10516
159733 98 0 10280 10280 10376 10376
161133 129 0 10373 10373 10500 10500
161377 138 0 10388 10388 10528 10528
162201 161 0 10454 10454 10612 10612
162157 144 0 10402 10402 10548 10548
160747 120 0 10353 10353 10476 10476
78011 107 0 10045 10045 10148 10148
78193 115 0 10063 10063 10176 10176
78190 124 0 10083 10083 10208 10208
78119 116 0 10063 10063 10176 10176
78197 111 0 10049 10049 10160 10160
78268 120 0 10078 10078 10196 10196
78610 128 0 10114 10114 10244 10244
78343 132 0 10080 10080 10208 10208
78451 136 0 10090 10090 10224 10224
52070 119 0 10040 10040 10156 10156
52102 121 0 10051 10051 10173 10173
52209 117 0 10099 10099 10213 10213
52122 119 0 10041 10041 10159 10159
52401 121 0 10151 10151 10270 10270
52014 135 0 10018 10018 10155 10155
52379 135 0 10091 10091 10222 10222
52413 136 0 10103 10103 10240 10240
52091 106 0 10066 10066 10171 10171
52365 120 0 10115 10115 10237 10237
39462 140 0 10201 10201 10340 10340
39214 130 0 10134 10134 10267 10267
39291 133 0 10147 10137 10280 10280
39464 133 0 10132 10132 10264 10264
39335 143 0 10090 10090 10231 10231
39362 122 0 10099 10099 10222 10222
39112 140 0 10065 10065 10211 10211
39146 118 0 10062 10062 10181 10181
39158 129 0 10070 10070 10200 10200
27171 196 0 14281 14281 14477 14477
26431 183 0 13977 13977 14160 14160
26211 162 0 13838 13838 14000 14000
25659 149 0 13563 13563 13712 13712
26315 172 0 13744 13744 13916 13916
26159 171 0 13861 13861 14032 14032
26657 176 0 14043 14043 14219 14219
26795 199 0 14199 14199 14398 14398
25841 161 0 13679 13679 13840 13840
25477 148 0 13436 13436 13584 13584
23037 192 0 15008 15008 15200 15200
22533 165 0 14635 14635 14800 14800
22533 180 0 14620 14620 14800 14800
24171 207 0 15673 15673 15880 15880
22305 175 0 14465 14465 14640 14640
23283 184 0 15096 15096 15280 15280
23789 212 0 15499 15499 15711 15711
21873 180 0 14180 14180 14360 14360
23211 192 0 14968 14968 15160 15160
22511 193 0 14607 14607 14800 14800
23287 206 0 15154 15154 15360 15360
23241 202 0 15118 15118 15320 15320
